30 2
16 1.2843843 0.14026907
13 1.2902241 0.04798133
3 0.39223018 -2.518708
23 0.38181216 -2.5637293
7 0.36373848 -2.4042327
26 0.37411028 -2.3594186
1 0.3764546 -2.5212967
28 0.37252966 -2.4521565
27 0.37134546 -2.4793553
21 0.38705906 -2.3743687
8 0.36489052 -2.4519424
2 0.39377594 -2.4026592
22 0.38713774 -2.4817677
5 0.3885536 -2.4501681
29 0.3900103 -2.4597576
24 0.40606162 -2.4104297
4 0.41039133 -2.3999734
25 0.38426843 -2.4471207
0 0.3508876 -2.412893
6 0.38669214 -2.4126382
18 4.628814 1.0624335
11 4.658677 0.9890145
17 2.2155147 0.54299533
12 2.2555597 0.46230966
14 2.811805 0.48462164
15 2.953711 0.4902749
10 3.89895 -0.00909391
19 3.9427495 0.049091287
9 0.6117479 -1.1639124
20 0.6338816 -1.1341442
