44 2
16 -3.6674662 -1.4498847
116 -3.7163904 -1.4415474
117 -4.4213395 -2.120007
17 -4.4963384 -2.1673918
25 1.4141262 -2.5140257
21 1.3663027 -2.435375
29 1.4796518 -2.5873992
38 1.431447 -2.5104408
35 1.4504006 -2.5277493
24 1.3883333 -2.5403094
23 1.4519228 -2.51164
36 1.4338181 -2.5295105
26 1.4274442 -2.5069728
39 1.4477968 -2.5579913
37 1.4510517 -2.5353947
22 1.4391243 -2.5331237
33 1.4208981 -2.479386
34 1.4193103 -2.539488
32 1.4036523 -2.548469
31 1.4706446 -2.5773675
27 1.3995961 -2.4938207
28 1.4824839 -2.5653934
18 -5.123686 -2.6456485
118 -4.960776 -2.5384655
119 -3.5041623 -2.3769338
19 -3.4950671 -2.4208786
2 0.49399716 -1.6118616
1 0.47093317 -1.5662256
6 0.437403 -1.5215973
3 0.45833844 -1.558419
5 0.4802382 -1.5819839
0 0.4626494 -1.5156803
4 0.41457716 -1.5981516
7 0.4080636 -1.5179801
8 0.44082662 -1.58964
14 -2.9103348 -1.1759936
15 -2.7052748 -1.0272443
13 -3.135237 -1.2649511
12 -3.4986956 -1.6163031
11 -3.78991 -1.9196695
10 -2.4269705 -1.646163
9 0.4519622 -1.3056675
30 0.32015547 -1.3757286
20 0.36007878 -1.2482902
