30 2
16 1.5320253 0.7041575
13 1.546432 0.8107607
14 1.1969833 0.7520564
8 -1.2621415 1.8890735
15 1.1332704 0.7137322
24 -1.1400073 1.7938775
29 -1.1674746 1.8195732
6 -1.222543 1.8622252
22 -1.2382017 1.8888639
26 -1.2382839 1.8591094
27 -1.1854576 1.8082464
1 -1.2878147 1.9037783
23 -1.1273577 1.795032
21 -1.2201896 1.8592664
0 -1.2232459 1.8765547
2 -1.1533284 1.7848774
4 -1.1775162 1.8361521
25 -1.1932803 1.8393444
5 -1.1860629 1.8455338
3 -1.1943082 1.8323857
7 -1.206107 1.8571088
17 2.8043656 1.7639853
12 2.6915898 1.6953722
28 -1.1828512 1.8750799
11 4.335351 2.5377898
18 4.578285 2.6932087
19 2.511317 2.400983
10 2.7128701 2.5434954
20 -0.49085048 1.302036
9 -0.46165025 1.1986163
