44 2
117 -3.8706982 2.0651288
17 -4.054287 2.114949
31 -1.0999463 -2.7493234
16 -2.500362 0.991909
116 -2.5495243 1.0230141
28 -1.1385796 -2.783806
37 -1.0704676 -2.6634066
24 -1.1044006 -2.7644784
33 -1.0832964 -2.7184446
38 -1.0860951 -2.7879777
26 -1.1095366 -2.751836
23 -1.0444075 -2.7170439
29 -1.0796758 -2.7540414
32 -1.0820934 -2.789498
36 -1.0860186 -2.7164173
34 -1.0712004 -2.6702156
39 -1.0736468 -2.698478
27 -1.0755574 -2.693689
21 -1.1123943 -2.808221
25 -1.0892045 -2.8402834
22 -1.0773748 -2.744972
35 -1.0994202 -2.654549
118 -5.303531 2.8912249
18 -5.378709 2.8572829
19 -3.1561046 1.0141792
119 -3.4155133 1.1124262
8 -0.85403097 -0.9292377
6 -0.8016772 -0.94348633
2 -0.84549004 -0.9190128
1 -0.85838866 -0.97658306
7 -0.8414014 -0.9298703
4 -0.8974081 -0.8849401
3 -0.7604779 -0.97929037
5 -0.8167736 -0.9260257
0 -0.82698715 -0.9551844
14 -3.5081103 1.5302683
15 -3.5706985 1.4889584
13 -2.4516394 1.017577
12 -3.1049185 1.6320838
11 -3.8611693 2.0193107
10 -2.7315888 0.9924431
20 -0.9148057 -0.8597526
30 -0.86949193 -0.9017518
9 -0.70651525 -0.9551004
